PAC_FOUNTAIN: 685,1168,54,77
PAC_SO1: 754,535,55,41
PAC_HANGOUT: 563,1755,117,35
PAC_SEWERS: 441,558,204,35
PAC_FAUCET: 368,1073,67,148
PAC_PIPES: 506,409,125,46
PAC_SO2: 556,1641,48,35
PAC_SHORE: 226,975,166,75
PAC_GUTS: 339,265,100,35
PAC_STOMACH: 412,212,48,35
PAC_HEART: 653,161,48,70
PAC_GROUND: 1254,754,109,35
PAC_A1: 197,1549,48,35
PAC_A2: 189,1448,47,75
PAC_A3: 88,163,73,42
PAC_A4: 114,91,55,37
PAC_A5: 91,647,100,35
PAC_A6: 10,1330,48,75
PAC_B1: 463,326,48,55
PAC_B2: 540,302,100,35
PAC_B3: 412,1428,152,35
PAC_B4: 283,1410,49,55
PAC_B5: 353,1375,152,35
PAC_SO4: 219,1398,48,35
PAC_BIGTREE: 1163,754,81,44
PAC_SO3: 1077,197,48,35
PAC_TREECHO: 1368,1388,91,55
